15
8
13
2
13
10
16
7
6
21
23
19
13
10
14
13
16
18
7
10
9
18
11
16
19
10
10
10
2
14
6
17
14
13
16
14
9
11
11
9
15
12
8
15
10
8
13
9
12
8
19
10
5
11
15
8
3
6
19
20
14
12
17
2
2
8
11
10
7
15
12
7
10
14
17
9
6
19
14
18
13
7
16
15
5
4
16
13
7
10
3
9
3
16
11
16
14
11
19
3
15
13
18
10
13
15
4
9
14
13
9
13
13
4
10
9
17
9
13
8
14
15
18
7
16
19
13
18
4
16
14
11
17
18
10
11
13
3
14
2
17
8
9
18
4
10
11
7
7
11
8
17
11
16
11
10
17
13
11
8
19
14
11
9
6
9
14
3
10
14
8
12
5
12
2
15
10
17
8
9
2
9
13
8
10
10
12
8
11
14
20
8
8
11
11
3
12
20
16
9
17
12
11
13
3
17
7
4
17
3
12
6
8
11
6
10
11
9
12
10
8
6
6
15
5
19
9
16
10
14
15
9
13
16
10
11
8
11
9
9
16
7
13
16
13
8
10
9
5
10
12
10
10
15
17
6
14
6
13
10
21
9
14
8
1
9
10
12
12
3
12
20
7
11
13
7
11
11
12
12
16
8
15
10
9
8
6
11
5
15
13
1
4
7
10
11
4
20
5
13
14
11
20
14
15
17
10
7
11
14
11
9
6
5
20
11
11
8
12
18
11
12
4
3
5
17
14
9
14
13
7
15
13
18
7
5
16
16
13
18
15
16
14
13
9
12
14
11
14
16
3
8
19
15
3
13
18
9
18
2
12
10
18
12
15
6
10
12
6
10
14
14
6
9
7
15
13
17
14
9
6
19
9
4
10
15
6
6
9
13
5
18
11
5
15
13
11
16
16
6
3
7
15
13
15
6
7
14
14
17
5
10
4
8
11
12
3
12
20
5
13
12
16
4
6
17
16
11
9
17
5
5
10
18
12
9
15
9
6
8
6
9
5
13
18
1
18
14
11
6
10
12
3
13
9
10
11
8
15
9
9
17
8
5
10
15
6
13
14
17
10
8
13
2
17
16
