2.52
0.46
1.62
1.53
2.15
2.26
2.59
0.36
0.8
1.37
1.36
1.6
1.53
1.52
0.92
3.27
0.83
0.55
1.6
1.34
1.56
1.33
2.49
1.67
2.59
0.72
2.14
1.43
0.46
2.27
2.31
0.41
0.71
2.31
2.28
1.48
1.28
1.16
1.34
1.43
0.84
1.64
1.9
0.34
1.33
1.25
0.73
3.64
1.37
2.21
2.17
1.04
2.32
2.11
1.12
0.9
2.63
1.9
2.94
2.26
1.05
1.61
0.67
1.52
1.02
1.79
2.19
0.86
2.55
1.16
1.47
2.03
0.52
1.06
2.42
1.4
1.77
1.54
1.64
0.72
1.74
1.83
0.51
1.57
2.82
0.34
0.94
1.17
3.65
0.32
1.97
1.57
2.38
1.67
1.55
0.87
2.25
1.29
1.51
1.91
0.83
2.93
2.13
1.03
1.15
0.78
2.21
1.05
0.2
1.43
1.81
2.71
0.27
1.5
1.36
1.23
0.95
1.67
2.42
1.15
1.97
1.82
1.26
0.28
1.38
0.98
1.13
0.84
1.91
0.49
1.81
1.55
1.01
0.95
2.13
2.04
1.38
1.54
1.97
2.12
0.69
2.6
1.23
2.68
1.68
2.18
2.49
1.9
1.38
1.24
1.7
2.34
1.04
1.18
1.61
0.23
1.44
1.18
1.53
0.25
1.61
1.61
1.02
1.96
1.38
0.9
1.59
2.54
1.02
1.24
1.42
1.04
1.57
2.48
1.7
1.07
2.22
1.67
1.82
3.22
2.09
2.8
2.61
2.46
1.51
2.13
2.72
1.63
0.95
0.36
0.88
1.95
1.34
1.23
1.54
0.21
1.05
1.2
1.88
1.39
0.96
0.95
1.76
2.81
1.07
0.58
1.42
0.29
0.62
1.03
2.09
1.93
1.76
0.72
2.02
1.14
1.47
1.61
1.03
2.47
0.9
2.1
1.52
1.07
1.48
2.08
2.61
3.01
1.78
3.01
1.01
2.18
1.73
1.63
4.03
0.98
2.18
1.28
1.45
1.74
0.65
1.1
2.05
0.97
1.3
1.36
1.68
1.74
2.36
2.17
2.15
1.87
1.53
0.67
1.15
0.6
1.16
1.99
2.42
1.49
1.86
0.65
0.22
1.63
1.64
1.99
1.18
1.26
1.52
1.14
0.56
2.31
2.62
0.91
2.58
2.7
2.38
3.05
0.75
2.61
0.96
1.13
2.26
1.7
1.26
0.93
2.22
1.49
1.85
0.29
0.81
1.27
2.86
0.7
1.15
1.19
0.68
1.27
0.65
1.74
2.11
0.72
1.69
1.38
1.72
0.5
1.82
3.1
1.72
2.05
2.34
2.61
1.49
0.88
0.5
0.79
1.8
1.14
2.17
0.89
1.27
3.03
0.49
1.72
1.33
1.49
0.79
2.21
2.41
1.05
1.28
1.08
1.32
1.92
1.92
1.36
1.87
2.06
2.04
1.74
0.59
2.67
2.57
1.42
2.36
3.42
0.78
1.06
1.78
1.46
1.88
0.41
1.56
1.13
1.63
1.13
0.44
1.35
1.12
2.02
2.21
1.42
2.07
1.11
0.83
1.43
1.5
3.22
0.44
1.12
1.02
1.69
1.53
1.55
2.35
2.1
2.59
2.38
1.74
0.49
1.52
1.51
1.26
1.36
2.09
3.27
0.91
2.13
0.57
1.39
2.91
0.63
1.44
1.47
1.35
2.15
1.12
1.5
2.45
2.01
1.73
2.53
1.73
1.17
3.01
1.42
1.4
2.74
1.86
3.07
2.17
1.66
0.31
1.6
1.46
0.71
2.06
2.51
1.52
3.05
1.65
2.41
2.89
2.08
1.84
0.74
2.07
2.18
0.53
1.41
3.13
1.22
1.63
0.67
1.46
1.93
1.09
2.4
1.36
1.88
1.7
2.11
1.6
3.72
0.9
0.84
2.38
1.44
1.84
1.34
1.07
3.29
2.33
2.24
0.51
1.17
1.61
1.62
1.59
1.32
1.58
3.04
0.83
1.91
1.45
1.97
3.33
2.61
2.78
2.41
2.36
2.72
1.11
2.84
2.61
0.94
