0.53
0.56
0.52
0.49
0.71
0.69
0.52
0.56
0.57
0.48
0.6
0.47
0.48
0.54
0.5
0.52
0.5
0.54
0.49
0.4
0.42
0.51
0.35
0.58
0.51
0.66
0.58
0.43
0.53
0.51
0.59
0.53
0.59
0.52
0.43
0.45
0.43
0.53
0.54
0.43
0.36
0.55
0.58
0.5
0.5
0.45
0.35
0.42
0.46
0.53
0.47
0.67
0.55
0.57
0.72
0.48
0.54
0.53
0.53
0.57
0.62
0.55
0.52
0.54
0.52
0.55
0.58
0.48
0.55
0.41
0.63
0.5
0.56
0.53
0.53
0.53
0.56
0.62
0.53
0.54
0.63
0.46
0.69
0.61
0.45
0.53
0.42
0.44
0.64
0.63
0.31
0.53
0.42
0.46
0.35
0.52
0.69
0.46
0.51
0.53
0.44
0.56
0.52
0.57
0.28
0.64
0.42
0.48
0.59
0.42
0.59
0.53
0.37
0.41
0.4
0.47
0.52
0.6
0.49
0.53
0.54
0.56
0.57
0.5
0.55
0.6
0.6
0.73
0.47
0.63
0.53
0.65
0.65
0.49
0.52
0.66
0.67
0.57
0.47
0.5
0.59
0.54
0.66
0.49
0.48
0.58
0.56
0.53
0.62
0.62
0.63
0.61
0.65
0.39
0.67
0.5
0.6
0.54
0.57
0.46
0.47
0.45
0.43
0.48
0.53
0.43
0.64
0.52
0.45
0.61
0.64
0.39
0.63
0.41
0.37
0.32
0.49
0.42
0.62
0.44
0.58
0.4
0.42
0.45
0.45
0.63
0.53
0.51
0.54
0.44
0.51
0.4
0.46
0.5
0.43
0.55
0.39
0.49
0.42
0.52
0.43
0.38
0.44
0.58
0.66
0.49
0.55
0.53
0.54
0.44
0.53
0.53
0.58
0.37
0.43
0.4
0.53
0.32
0.57
0.52
0.59
0.51
0.53
0.54
0.58
0.58
0.45
0.57
0.51
0.59
0.53
0.69
0.52
0.55
0.65
0.57
0.65
0.61
0.45
0.36
0.44
0.39
0.5
0.37
0.55
0.44
0.45
0.49
0.4
0.49
0.39
0.53
0.38
0.51
0.42
0.6
0.61
0.44
0.39
0.38
0.53
0.52
0.44
0.53
0.56
0.56
0.53
0.6
0.53
0.54
0.62
0.55
0.5
0.43
0.64
0.48
0.41
0.53
0.44
0.6
0.41
0.45
0.48
0.51
0.58
0.44
0.58
0.53
0.48
0.57
0.53
0.58
0.64
0.57
0.66
0.52
0.6
0.55
0.38
0.52
0.59
0.47
0.66
0.42
0.66
0.65
0.43
0.57
0.46
0.58
0.41
0.51
0.59
0.53
0.45
0.61
0.53
0.49
0.5
0.62
0.66
0.53
0.55
0.49
0.46
0.48
0.5
0.48
0.49
0.57
0.35
0.62
0.46
0.61
0.48
0.52
0.41
0.44
0.56
0.51
0.43
0.53
0.69
0.41
0.44
0.49
0.46
0.6
0.54
0.59
0.48
0.56
0.42
0.54
0.53
0.48
0.62
0.37
0.42
0.37
0.49
0.49
0.45
0.55
0.34
0.62
0.37
0.53
0.32
0.32
0.43
0.45
0.48
0.38
0.52
0.59
0.72
0.47
0.54
0.49
0.43
0.43
0.53
0.55
0.62
0.59
0.57
0.65
0.5
0.53
0.61
0.53
0.44
0.47
0.64
0.77
0.61
0.53
0.66
0.56
0.56
0.72
0.68
0.66
0.63
0.67
0.45
0.6
0.6
0.52
0.44
0.41
0.53
0.56
0.63
0.42
0.64
0.53
0.48
0.44
0.49
0.53
0.62
0.61
0.54
0.48
0.71
0.48
0.59
0.56
0.4
0.5
0.62
0.53
0.48
0.62
0.52
0.51
0.53
0.6
0.46
0.57
0.63
0.53
0.58
0.49
0.73
0.5
0.5
0.45
0.53
0.46
0.46
0.5
0.4
0.51
0.54
0.56
0.51
0.5
0.39
0.44
0.38
0.56
0.38
0.56
0.45
0.54
0.53
0.47
0.35
0.33
0.31
0.54
0.43
0.44
