3
3
1
6
2
8
1
3
6
7
0
7
5
2
7
5
4
3
8
10
8
4
7
5
13
2
2
4
4
8
3
4
5
4
2
5
8
5
2
3
4
5
4
11
1
6
3
3
8
8
3
5
8
9
6
4
4
5
7
9
3
5
5
6
9
7
8
4
6
5
5
4
9
7
8
5
8
12
6
5
16
5
8
4
8
3
2
5
9
4
8
3
8
7
3
0
5
13
6
8
5
5
3
4
8
4
7
6
4
7
5
9
5
8
5
6
4
7
6
4
6
1
6
1
4
7
0
7
8
6
9
8
5
3
11
10
7
8
5
2
4
4
9
9
4
4
7
10
8
4
2
8
1
1
5
7
3
1
7
7
9
3
7
9
7
3
7
2
8
2
3
1
5
7
7
10
5
5
7
2
3
10
3
2
5
7
3
2
8
2
3
6
5
1
6
5
7
6
10
8
10
4
1
4
3
2
7
5
9
5
11
5
3
2
4
3
6
4
3
3
5
5
5
5
6
3
8
6
3
13
3
6
3
2
9
5
0
8
3
4
2
8
8
1
3
4
7
7
9
8
6
3
4
2
5
7
1
7
7
1
2
2
5
5
4
3
5
4
6
4
5
4
7
3
3
0
2
9
7
3
2
7
0
1
5
5
6
8
6
2
6
4
3
4
7
8
0
2
6
3
11
5
8
4
3
8
6
6
7
2
4
1
5
7
5
8
12
5
5
0
9
12
0
4
7
6
8
10
8
5
3
4
4
6
6
4
9
5
2
8
8
5
12
0
6
6
3
3
6
1
3
2
7
4
3
11
3
6
0
5
6
6
2
6
3
8
4
12
9
8
7
9
5
4
7
6
3
8
6
3
2
8
7
16
7
6
9
3
9
2
3
6
2
9
5
7
4
11
1
3
1
3
5
11
5
6
6
6
1
10
8
5
7
5
6
7
8
6
5
6
7
6
5
8
7
4
3
9
4
6
1
3
6
9
9
3
10
3
3
3
8
9
7
6
7
6
12
7
1
2
7
6
8
6
3
8
2
4
4
7
7
6
3
3
7
7
10
4
2
9
6
8
7
8
7
3
