13
11
16
20
18
17
21
6
22
15
22
12
11
12
11
28
12
3
19
13
12
16
25
14
19
12
11
21
7
4
17
9
10
5
17
10
14
10
6
8
14
7
15
2
12
6
16
22
16
16
15
15
15
14
13
11
25
17
20
14
12
19
16
18
13
16
20
18
19
19
25
14
17
17
11
18
16
17
15
4
4
28
9
17
11
13
16
11
29
11
27
17
16
27
8
6
17
16
12
15
12
20
15
20
13
22
19
10
6
19
17
26
11
1
17
16
13
14
22
15
6
16
13
8
11
16
15
10
20
10
17
19
7
8
7
21
16
11
19
13
15
16
12
17
15
14
20
22
19
14
14
13
11
9
13
13
10
23
10
17
16
3
9
21
16
9
16
21
20
16
10
15
15
14
22
18
18
17
13
16
19
21
19
17
19
24
13
9
11
18
18
19
14
6
15
8
13
17
23
21
13
6
19
20
11
14
13
5
11
17
11
28
20
16
25
12
15
14
7
20
6
17
10
12
15
19
24
18
21
22
24
22
18
15
25
9
16
16
11
17
3
14
9
23
11
17
23
22
22
18
15
18
14
15
16
11
16
15
13
20
16
16
9
17
23
22
19
11
15
15
10
19
23
18
19
11
24
25
14
21
18
16
17
19
15
8
22
14
15
10
3
14
28
7
17
12
6
9
9
24
27
14
13
18
11
13
22
22
18
17
14
19
21
12
5
12
17
12
19
20
11
16
15
8
8
19
15
24
13
18
13
12
16
10
13
20
21
16
17
21
15
24
24
19
18
19
9
5
19
12
18
11
14
21
22
12
6
14
20
16
23
20
5
9
3
27
18
28
6
17
9
5
21
12
15
13
18
20
18
12
19
4
12
7
15
20
4
15
5
15
17
6
18
14
13
21
8
6
12
21
13
11
18
16
20
15
14
20
15
26
13
17
12
6
11
19
19
19
15
17
20
17
21
11
12
12
16
20
6
10
17
17
20
19
16
15
7
18
11
15
20
20
8
18
18
2
19
15
17
13
15
17
30
15
5
4
24
23
14
21
10
20
10
5
5
19
25
17
19
22
16
16
9
26
12
15
